0.0663
0.0783
0.0963
0.1023
0.1083
0.1143
0.1203
0.1323
0.1383
0.1443
0.1503
0.1563
0.1623
0.1683
0.1743
0.1803
0.1863
0.1923
0.1983
0.2023
0.2043
0.2103
0.2163
0.2223
0.2283
0.2343
0.2463
0.2523
0.2583
0.2643
0.2703
0.2763
0.2823
0.2883
0.2943
0.3063
0.3123
0.3183
0.3243
0.3303
0.3363
0.3423
0.3483
0.3543
0.3603
0.3663
0.3723
0.3783
0.3843
0.3903
0.3963
0.4023
0.4083
0.4143
0.4203
0.4263
0.4323
0.4383
0.4443
0.4503
0.4563
0.4623
0.4683
0.4743
0.4803
0.4863
0.4983
0.5043
0.5103
0.5163
0.5223
0.5283
0.5323
0.5383
0.5443
0.5503
0.5563
0.5623
0.5683
0.5743
0.5803
0.5863
0.5923
0.5983
0.6043
0.6103
0.6163
0.6223
0.6283
0.6343
0.6403
0.6463
0.6523
0.6583
0.6643
0.6703
0.6763
0.6823
0.6883
0.6943
0.7003
0.7063
0.7123
0.7183
0.7243
0.7303
0.7363
0.7423
0.7483
0.7543
0.7603
0.7663
0.7723
0.7783
0.7843
0.7903
0.7963
0.8023
0.8083
0.8113
0.8143
0.8173
0.8203
0.8233
0.8263
0.8293
0.8323
0.8353
0.8383
0.8413
0.8443
0.8473
0.8503
0.8533
0.8563
0.8593
0.8623
0.8653
0.8683
0.8713
0.8743
0.8773
0.8803
0.8833
0.8863
0.8893
0.8923
0.8953
0.8983
0.9013
0.9043
0.9073
0.9103
0.9133
0.9163
0.9193
0.9223
0.9253
0.9283
0.9313
0.9343
0.9373
0.9433
0.9463
0.9493
0.9523
0.9583
0.9613
0.9643
0.9673
0.9703
0.9733
0.9763
0.9793
0.9823
0.9853
0.9883
0.9913
0.9943
0.9973
1.0000
